0 0.469202 0.537640 0.035741 0.079789
0 0.438391 0.525430 0.007190 0.022649
0 0.430327 0.527697 0.012015 0.031711
0 0.585032 0.522132 0.019671 0.031175
0 0.442806 0.523671 0.004932 0.017623
0 0.540664 0.519772 0.013754 0.022105
0 0.936292 0.538439 0.092140 0.100772
0 0.617572 0.524123 0.021149 0.027193
0 0.449739 0.526061 0.006263 0.022912
0 0.413688 0.540158 0.025573 0.045561
0 0.550344 0.521583 0.008890 0.018482
1 0.975560 0.565268 0.006510 0.010149
0 0.489486 0.520022 0.006675 0.011833
0 0.673107 0.528110 0.035497 0.046763
0 0.147015 0.648768 0.192105 0.314974
0 0.735741 0.520860 0.047180 0.061263
