0 0.248060 0.766053 0.251197 0.388469
0 0.031051 0.614829 0.026191 0.024110
0 0.617705 0.703458 0.008934 0.026371
0 0.395818 0.700998 0.036484 0.031647
0 0.594083 0.700692 0.015099 0.032758
1 0.634934 0.714452 0.003977 0.003108
1 0.201381 0.843454 0.025734 0.033807
0 0.051463 0.642564 0.043220 0.050862
0 0.059208 0.620412 0.026874 0.031018
0 0.009011 0.618073 0.018023 0.047164
0 0.428295 0.705214 0.030443 0.028329
0 0.601118 0.706538 0.019925 0.032968
0 0.670257 0.705179 0.026585 0.040396
0 0.350463 0.708403 0.053737 0.055128
0 0.113602 0.643629 0.032608 0.040591
0 0.632548 0.705478 0.023212 0.042751
